
x = 0
def setup():
  size(1240,640)

def  draw():
    global x
    if x >= 1240:
      x = 0
    x+= 5
    print(x)
    RGB
    background(150)
    background(0,150,250)
    RGB
    noStroke()
    fill(255,255,0)
    ellipse(x,50,80,80)
    fill(0,150,0)
    rect(1,400,680,240)
    fill(0,150,0)
    ellipse(680,400,1130,150)
    fill(0,150,0)
    rect(400,400,1680,240)
    fill(255,255,255)
    ellipse(100,50,80,80)
    ellipse(140,50,80,80)
    ellipse(120,100,80,80)
    ellipse(80,100,80,80)
    ellipse(160,100,80,80)
    ellipse(450,50,80,80)
    ellipse(490,50,80,80)
    ellipse(530,50,80,80)
    ellipse(470,100,65,65)
    ellipse(510,100,65,65)
    fill(165,42,42)
    rect(100,250,100,150)
    fill(0,200,0)
    ellipse(100,250,100,100)
    fill(0,200,0)
    ellipse(150,250,100,100)
    fill(0,200,0)
    ellipse(200,250,100,100)
    fill(0,200,0)
    ellipse(125,200,100,100)
    fill(0,200,0)
    ellipse(175,200,100,100)
    fill(165,42,42)
    rect(500,250,100,150)
    fill(0,200,0)
    ellipse(500,250,100,100)
    fill(0,200,0)
    ellipse(550,250,100,100)
    fill(0,200,0)
    ellipse(600,250,100,100)
    fill(0,200,0)
    ellipse(525,200,100,100)
    fill(0,200,0)
    ellipse(575,200,100,100)
    fill(0,150,0)
    ellipse(320,400,680,100)
    fill(0,100,0)
    ellipse(320,325,80,80)
    fill(0,100,0)
    ellipse(270,325,80,80)
    fill(0,100,0)
    ellipse(370,325,80,80)
    fill(0,100,0)
    ellipse(295,275,80,80)
    fill(0,100,0)
    ellipse(345,275,80,80)
    fill(165,42,42)
    rect(1000,160,10,200)
    fill(0,100,0)
    rect(1010,155,20,10)
    fill(0,100,0)
    rect(1010,170,30,10)
    fill(0,100,0)
    rect(1010,185,40,10)
    fill(0,100,0)
    rect(1010,200,50,10)
    fill(0,100,0)
    rect(1010,215,55,10)
    fill(0,100,0)
    rect(1010,230,60,10)
    fill(0,100,0)
    rect(1010,245,65,10)
    fill(0,100,0)
    rect(1010,260,75,10)
    fill(0,100,0)
    rect(1010,275,90,10)
    fill(0,100,0)
    rect(1010,290,105,10)
    fill(0,100,0)
    rect(1010,305,120,10)
    fill(0,100,0)
    rect(1010,320,130,10)
    fill(0,100,0)
    rect(980,155,20,10)
    fill(0,100,0)
    rect(970,170,30,10)
    fill(0,100,0)
    rect(960,185,40,10)
    fill(0,100,0)
    rect(950,200,50,10)
    fill(0,100,0)
    rect(945,215,55,10)
    fill(0,100,0)
    rect(940,230,60,10)
    fill(0,100,0)
    rect(935,245,65,10)
    fill(0,100,0)
    rect(925,260,75,10)
    fill(0,100,0)
    rect(910,275,90,10)
    fill(0,100,0)
    rect(895,290,105,10)
    fill(0,100,0)
    rect(880,305,120,10)
    fill(0,100,0)
    rect(870,320,130,10)
    rect(1000,130,10,30)
    fill(255,255,255)
    ellipse(900,50,80,80)
    ellipse(940,50,80,80)
    ellipse(920,100,80,80)
    ellipse(880,100,80,80)
    ellipse(960,100,80,80)
    fill(0,0,250)
    ellipse(775,450,380,150)
    ellipse(750,500,280,150)
    ellipse(705,500,280,150)
    ellipse(625,575,280,150)
    ellipse(600,600,280,150)
    ellipse(575,625,280,150)
    ellipse(550,650,280,150)
